.Random.seed <-
c(403L, 549L, -1938781804L, 573248864L, -1350340358L, 1846445842L, 
-1617062575L, -1753263505L, 1885002620L, 715964478L, 1002832106L, 
-469608990L, -1745746373L, 1835121006L, 1805569033L, 533987693L, 
-1474922721L, -1007073018L, -1861686350L, 2046517576L, -1338418499L, 
-64081214L, -1706414983L, 687739213L, 965310116L, -1002403522L, 
1255106775L, 485942333L, -610076345L, -389611775L, 1359764261L, 
-1450129399L, -1414015638L, 1405320389L, -1301681204L, 232235203L, 
-2083018831L, -607402805L, 1184251151L, -451597028L, 345250602L, 
-32152563L, 1893311617L, 1672921627L, 1618913594L, 317978589L, 
-1852113582L, -1652705912L, -1747695456L, 1024554579L, 1679999622L, 
1368665969L, 1950296251L, -1130782329L, -1250336374L, 380138369L, 
989642920L, 1495287196L, 936163109L, 264773316L, 2124774375L, 
1052209607L, -770247685L, 1712390594L, 1722706740L, -1171538073L, 
548042469L, -438089161L, -378548658L, -2083968310L, -638436052L, 
-1629042584L, 1414292432L, 1373052641L, -566951760L, 431775717L, 
-1075745798L, 937950378L, -611427150L, 761442847L, 763716436L, 
1487770910L, 2076172253L, 1238103041L, -826145804L, -989495069L, 
916057718L, 950079201L, -144868283L, 232857475L, -1253596535L, 
-986353071L, 1340868431L, -416537026L, -774409614L, -1547684365L, 
-1804397358L, 1306559060L, 2077709280L, 263103934L, -1982217067L, 
-1995515960L, -2084892997L, 477286665L, -1382437896L, -69390048L, 
134705787L, -1620224743L, 1254223366L, -825404639L, 1753548874L, 
-1613796737L, 569700285L, 1316519239L, 1377139523L, -1263835836L, 
593579910L, -816608300L, 1950731226L, -909953180L, -1253375226L, 
75309962L, -163455425L, 1465375846L, -2133238144L, -915840647L, 
-312169678L, -1889091610L, 1651980633L, -1527951905L, -1652049302L, 
-1261141830L, -1682649805L, -1837917066L, -101649077L, 148714143L, 
-1332128431L, -535489931L, 1816800572L, 1711508215L, -1426273625L, 
-1284386735L, 1175760271L, -2026899549L, 2020694666L, 1824035496L, 
1333029766L, 418215595L, -1346719036L, -2097594310L, 1931662950L, 
1685165135L, -1541051840L, -309311852L, 1390460945L, 2146270019L, 
1489396270L, -76131140L, 1163079297L, -1767017077L, -1607230824L, 
483027973L, -74603731L, -104553789L, 1494476087L, -42855072L, 
-1537105175L, 2141158876L, -1329820523L, 2006000929L, -717118739L, 
-1500355787L, -1595082081L, 79716997L, 1670487865L, -1127259990L, 
-1959716372L, -1658931435L, -1859182002L, -1005557594L, -850523160L, 
-360721798L, -1962829728L, -773311524L, 1672156134L, 1774750521L, 
-746098021L, 1201087660L, -351007691L, 1698576603L, -1952222804L, 
-534843106L, -1371745825L, 622084814L, -1634204067L, -430528940L, 
-992828912L, 2011784749L, 1711420525L, -2063093186L, 101313919L, 
-1429442907L, 692438380L, 2110529881L, 847053246L, -390956500L, 
-1186903408L, -1902476542L, 2011882493L, -2020362349L, -576407404L, 
98969066L, -810806436L, -914028572L, 833090635L, -1073843890L, 
-654884978L, 1625763318L, 451837599L, 1968487705L, 666971284L, 
-1608096291L, 968356350L, -2077598492L, -2024479499L, -1865650236L, 
-213730262L, -1945637163L, -1178509548L, -218276806L, -117900905L, 
-78639440L, -1221474868L, -2048168956L, 382751654L, -2922256L, 
6235182L, -2082625196L, 790457848L, -1036299484L, 1701185070L, 
-497204472L, -1898085894L, 866080174L, -1941202386L, -866680261L, 
20857645L, 1488918405L, 381972495L, -1164561410L, 821996354L, 
-1310301485L, 1082971270L, 1570769333L, 994164385L, 18913750L, 
-1455506455L, 527095952L, 253791910L, -871347346L, 1208878464L, 
-1929666207L, -1200272488L, -1906749292L, -2012146406L, -1614693618L, 
-1445707478L, 1912362253L, 1410123701L, -344701968L, 167780592L, 
1036095508L, -517265384L, 1010373570L, -177272917L, -289409657L, 
315604748L, 2065009574L, 469826834L, 1946630681L, 900258744L, 
-801324787L, 31247777L, 1980240882L, 1874002636L, -1003308720L, 
-2080301281L, -60662430L, -2135411668L, -1396075489L, 1205695693L, 
-2104387690L, 752989362L, -883046448L, -1221203904L, -26170622L, 
695945222L, -988946239L, 1886786176L, 76949412L, -2127001111L, 
-1801738130L, -1282805910L, 890089045L, -59952716L, -1666871785L, 
-203673862L, -159210900L, -846965870L, -1991667064L, -1920014192L, 
-591464150L, -234351565L, -1560435275L, 318515496L, 1069563255L, 
-1315589519L, 912490881L, -1805260268L, 1309664338L, 808610794L, 
-1535542664L, 449629258L, -1238688757L, -1463560039L, 1092337800L, 
661107751L, 505559528L, 678903397L, 1110925127L, -548687326L, 
62876534L, 27524334L, 2017377163L, -1768668361L, 1517603191L, 
1120935528L, -1388965605L, 2113564221L, 1923643961L, 1806066049L, 
1857125077L, 188322108L, 635810866L, 1618704865L, -2113866709L, 
-948591126L, -325583203L, -1469446926L, 1410896992L, 643486428L, 
647704599L, -1159224362L, -918583925L, 1987846828L, -143520046L, 
-139982290L, 1259886853L, 1689275650L, -1768918754L, -536274996L, 
-1553857177L, 666563778L, -1024889062L, 729184868L, -940420935L, 
-2118303586L, 646721204L, -1133599993L, -1122977449L, 372385449L, 
748093166L, -1160766461L, 974043819L, 838981741L, -1193945874L, 
-1920163878L, 400891900L, 1671347945L, 1132417276L, 227857584L, 
-793953183L, 1969108421L, 880512458L, 1045196848L, 1025800657L, 
656806539L, 236949383L, 1110815483L, 162374120L, -896442538L, 
-454876881L, 739356100L, 1941759780L, 1317482729L, -153581032L, 
415545355L, 1144618169L, -126904160L, -197448356L, -691213162L, 
-1183387290L, -1183835879L, 784941064L, 551913972L, -1804003267L, 
264083466L, -421516384L, 1152624394L, -691663251L, -129981802L, 
-879670615L, -650076004L, 1803809530L, -423218858L, 105118122L, 
525833610L, 842428672L, 349028604L, 91037541L, 1564169612L, 1110194491L, 
1213802094L, -417564205L, -1010526610L, -1892668747L, 938737004L, 
1975726309L, 1670215389L, -1951857836L, -834790830L, -1977641040L, 
1481218705L, -570320727L, 1840585407L, 139309022L, 2030148581L, 
1544648294L, 719070892L, -1366191665L, -621946905L, 1087875559L, 
629303852L, 1749684329L, 1764929701L, 500000918L, -1894356886L, 
910739695L, -1405551467L, -1688878527L, -1752958895L, -2069873082L, 
-1847824781L, 1585873617L, 854970102L, -275616991L, -1880784239L, 
-1099879042L, 409628127L, -215350503L, -897821251L, -1065194008L, 
1341047490L, -717032376L, 1384738291L, -1317736260L, -1557275401L, 
1520822817L, -110793392L, 521593227L, -1062780020L, 1584172603L, 
2116273224L, 2093012480L, 1731179772L, -45219381L, 1705527070L, 
-2136569134L, 166276134L, 1947005818L, -62456030L, -288700695L, 
2065483882L, 532025936L, -557879813L, -1428190234L, 1184504808L, 
-347730854L, -1969593705L, 1874796336L, -631304622L, -1293924561L, 
-707987467L, 1005770082L, -575091095L, 308164598L, -887871058L, 
232252389L, -1020276906L, -1126117950L, 738255182L, -1148115608L, 
70261255L, -641159522L, 2072386077L, -1529687610L, 97411387L, 
-798947939L, 1589792221L, 1906729065L, -1285657117L, 57075205L, 
-1602758038L, -1430201890L, 1685255727L, -1633608976L, -136530862L, 
-1331346159L, 1015385682L, 1256600551L, -702655868L, 329070677L, 
322904055L, -135424119L, 1283277533L, -142714166L, 987830234L, 
-2028761234L, -1852911180L, 1220435603L, -1257076047L, 904624165L, 
313693430L, -1140719723L, 1378164982L, -217841786L, -460317627L, 
1636492129L, -844400485L, 59821549L, -674033534L, -870077719L, 
-292553113L, 1183786982L, -296838722L, 1236820993L, -547345764L, 
-1340082416L, -1184642867L, -1202230670L, -1798616273L, 931913843L, 
-1324854934L, 1494080873L, 248828494L, -581834013L, -1401995722L, 
802589356L, -1601452114L, -1062768314L, 1210539928L, 1067120877L, 
-380744325L, 1414037541L, -316544842L, 2035191366L, 1344288063L, 
276899978L, 1073091486L, 1448171816L, -2108121297L, 383122319L, 
456120239L, -1325618477L, 1429452055L, 1282519893L, 2132967006L, 
-771434456L, 119124513L, 1404176512L, 919513292L, 1524817822L, 
647615838L, 1454894122L, 1950638296L, -1028516747L, -1830496412L, 
-690344028L, 1370091428L, 227694257L, -958655351L, -1798918370L, 
-998913184L, 917092208L, 1786342144L, -2084523263L, -518813895L, 
-1780615349L, -148531688L, 1259675126L, -684946928L, 368955939L, 
